0
firstSet: 24 25 26 27 28 29 30 31 32 33 34 35 36 37 38 39 40 41 42 
groupedSecondSets0: 21 22 23 24 25 26 27 28 29 30 31 32 33 
groupedSecondSets1: 51 52 53 54 55 56 57 58 59 60 61 62 63 64 
groupedSecondSets2: 81 82 84 85 86 87 88 89 90 91 92 93 94 95 96 
groupedSecondSets3: 112 115 117 118 119 120 121 122 123 124 125 126 127 
groupedSecondSets4: 147 148 149 150 151 152 153 154 155 156 157 158 159 160 161 162 163 164 
1
firstSet: 430 431 432 433 434 435 436 437 438 439 
groupedSecondSets0: 648 650 651 655 657 658 660 661 663 664 666 668 671 674 676 678 680 681 682 683 688 689 
groupedSecondSets1: 717 723 727 730 733 737 740 741 742 743 744 745 746 747 749 751 753 
2
firstSet: 468 469 470 471 472 473 474 475 476 477 478 479 480 481 482 483 484 485 486 487 488 489 490 491 492 493 494 495 496 497 498 499 500 501 502 503 504 505 506 507 
groupedSecondSets0: 528 531 532 538 539 541 543 545 549 551 552 
groupedSecondSets1: 630 631 635 636 638 639 645 648 650 651 655 658 660 662 663 664 668 672 673 674 676 680 681 682 683 687 688 689 690 691 694 696 700 702 706 
groupedSecondSets2: 739 740 742 744 745 746 747 748 751 752 753 
3
firstSet: 554 555 556 557 558 559 560 561 562 563 
groupedSecondSets0: 651 655 657 658 660 661 663 664 668 673 674 676 680 682 683 687 688 689 
4
firstSet: 700 701 702 703 704 705 706 707 708 709 710 711 712 
groupedSecondSets0: 512 515 516 518 521 523 526 528 529 530 531 532 533 536 538 543 549 551 552 555 557 559 560 564 565 566 
5
firstSet: 726 727 728 729 730 731 732 733 734 735 
groupedSecondSets0: 530 531 532 533 536 538 539 543 549 551 552 555 557 559 564 565 566 
groupedSecondSets1: 645 648 651 653 656 658 660 662 664 668 674 675 676 677 
6
firstSet: 754 755 756 757 758 759 760 761 762 763 764 765 766 767 768 769 770 
groupedSecondSets0: 512 515 518 521 523 525 526 527 528 531 532 533 534 535 536 538 539 543 549 551 552 555 556 557 558 559 564 565 566 569 572 576 577 
groupedSecondSets1: 723 724 725 727 730 731 732 733 734 738 741 743 744 749 
7
firstSet: 804 805 806 807 808 809 810 811 812 813 814 815 816 
groupedSecondSets0: 512 515 521 524 526 527 528 531 532 533 534 535 536 538 539 543 547 549 551 552 555 557 558 559 564 565 569 574 576 577 
groupedSecondSets1: 624 630 631 634 638 644 645 647 648 650 655 
8
firstSet: 841 842 843 844 845 846 847 848 849 850 
groupedSecondSets0: 515 521 522 527 528 530 532 533 534 536 538 539 541 543 545 547 549 551 552 555 556 557 558 559 564 565 
