0
First Images Series: 0 1 2 3 4 5 6 7 8 9 10 11 12 13 
Second Images Series0: 14 15 16 17 18 19 20 21 22 23 24 25 26 27 28 29 30 31 32 33  [Order]
Second Images Series1: 53 54 55 56 57 58 59 60 61 62 63 64 65  [ReverseOrder]
Second Images Series2: 2961 2962 2963 2964 2965 2966 2967 2968 2969 2970 2971 2972 2973 2974 2975 2976 2977 2978 2979 2980 2981 2982 2983 2984 2985 2986 2987 2988 2989 2990 2991 2992 2993 2994 2995 2996 2997 2998  [ReverseOrder]
1
First Images Series: 33 34 35 36 37 38 39 40 41 42 43 44 45 46 47 48 
Second Images Series0: 18 19 20 21 22 23 24 25 26 27 28 29 30 31 32 33 34  [Order]
Second Images Series1: 53 54 55 56 57 58 59 60 61 62 63 64 65 66 67  [ReverseOrder]
Second Images Series2: 87 88 89 90 91 92 93 95 96 97 98 99 100 101  [ReverseOrder]
Second Images Series3: 149 150 151 152 153 154 155 156 157 158 159 160 161 162 163 164  [ReverseOrder]
Second Images Series4: 2962 2963 2964 2965 2966 2967 2968 2969 2970 2971 2972 2973 2975 2976 2977 2978 2979 2980 2981 2982 2983 2984 2985 2986 2987 2988 2989 2990 2991 2992 2993 2995 2996 3000  [ReverseOrder]
2
First Images Series: 68 69 70 71 72 73 74 75 76 77 78 79 80 81 82 
Second Images Series0: 18 20 21 22 23 24 25 26 27 28 29 30 31 32 33 34 35 36  [ReverseOrder]
Second Images Series1: 50 51 52 53 54 55 56 57 58 59 60 61 62 63 64 65 66 67 68  [ReverseOrder]
Second Images Series2: 85 86 87 88 89 90 91 92 93 95 96 97 98 99 100  [ReverseOrder]
Second Images Series3: 118 119 120 121 122 123 124 125 126 127 128 131  [ReverseOrder]
Second Images Series4: 148 149 150 151 152 153 154 155 156 157 158 159 160  [ReverseOrder]
Second Images Series5: 2962 2964 2965 2967 2968 2969 2970 2971 2973 2974 2975 2976 2977 2978 2979 2980 2981 2982 2983 2984  [ReverseOrder]
3
First Images Series: 105 106 107 108 109 110 111 112 113 114 115 116 117 118 119 120 121 122 
Second Images Series0: 21 22 23 24 25 26 27 29 30 31 32 33 34  [Order]
Second Images Series1: 50 52 53 54 55 56 57 58 59 60 61 62 63 64 65  [Order]
Second Images Series2: 81 84 85 86 87 88 89 90 91 92 93 94 95 96 97  [ReverseOrder]
Second Images Series3: 119 120 121 122 123 124 125 126 127 128 129 130  [ReverseOrder]
Second Images Series4: 149 150 151 152 153 154 155 156 157 158 159 160 161 162 163 164 165 166  [ReverseOrder]
Second Images Series5: 2954 2955 2956 2958 2959 2961 2962 2963 2964 2965 2968  [ReverseOrder]
4
First Images Series: 178 179 180 181 182 183 184 185 186 187 188 
Second Images Series0: 229 230 231 232 233 234 235 236 237 238 239 240 241 242 243 244 245 246 247 248 249 250 251 252 253 254 255 256 257 258 259 260 261 262 263 264 265  [ReverseOrder]
Second Images Series1: 293 294 295 296 297 298 299 300 301 302 303 304 307 311 316 318 319  [ReverseOrder]
5
First Images Series: 391 392 393 394 395 396 397 398 399 400 401 402 403 404 405 406 407 408 409 410 411 412 413 414 415 416 417 418 419 420 421 422 423 424 425 426 427 428 429 430 431 432 433 434 435 436 437 438 439 440 441 442 443 444 445 446 447 448 449 450 451 452 453 454 455 456 457 458 459 460 461 462 463 464 465 466 467 468 469 470 471 472 473 474 475 476 477 478 479 480 481 482 483 484 485 486 487 488 489 490 491 492 493 494 495 496 497 498 499 500 501 502 503 504 505 506 507 508 509 510 511 512 513 514 515 516 517 518 519 520 521 522 523 524 525 526 527 528 529 530 531 532 533 534 535 536 537 538 539 540 541 542 543 544 545 546 547 548 549 550 551 552 553 554 555 556 557 558 559 560 561 562 563 564 565 566 567 568 569 570 571 572 573 574 575 576 577 578 579 580 581 582 583 584 585 586 587 588 589 590 591 592 593 594 595 596 597 598 599 600 601 602 603 604 605 606 607 608 609 610 611 612 613 614 615 616 617 618 619 620 621 622 623 624 625 626 627 628 629 630 631 632 633 634 635 636 637 638 639 640 641 642 643 644 645 646 647 648 649 650 651 652 653 654 655 656 657 658 659 660 661 662 663 664 665 666 667 668 669 670 671 672 673 674 675 676 677 678 679 680 681 682 683 684 685 686 687 688 689 690 691 692 693 694 695 696 697 698 699 700 701 702 703 704 705 706 707 708 709 710 711 712 713 714 715 716 717 718 719 720 721 722 723 724 725 726 727 728 729 730 731 732 733 734 735 736 737 738 739 740 741 742 743 744 745 746 747 748 749 750 751 752 753 754 755 756 757 758 759 760 761 762 763 764 765 766 767 768 769 770 771 772 773 774 775 776 777 778 779 780 781 782 783 784 785 786 787 788 789 790 791 792 793 794 795 796 797 798 799 800 801 802 803 804 805 806 807 808 809 810 811 812 813 814 815 816 817 818 819 820 821 822 823 824 825 826 827 828 829 830 831 832 833 834 835 836 837 838 839 840 841 842 843 844 845 846 847 848 849 850 851 852 853 854 855 856 857 858 859 860 861 862 863 864 865 866 867 868 869 870 871 872 873 874 875 876 877 878 879 880 881 882 883 884 885 886 887 888 889 890 891 892 893 894 895 896 897 898 899 900 901 902 
Second Images Series0: 493 494 495 496 497 498 499 500 501 502 503 504 505 506 508 509 510 511 512 513 515 516 518 519 520 521 522 523 524 525 526 527 528 529 530 531 532 533 534 535 536 538 539 541 542 543 544 545 546 547 549 550 551 552 554 555 556 557 558 559 560 562 563 564 565 566 568 569 570 571 572 573 574 575 576 577 579 580 582 583 585 586 587 588 590 591 592 593 594 595 596 597 598 599 601 602 603 604 605 606 607 608 609 610 612 613 614 615 616 617 619 621 622 624 625 626 627 628 629 630 631 632 633 634 635 636 637 638 639 642 643 644 645 647 648 649 650 651 652 653 655 656 657 658 659 660 661 662 663 664 665 666 667 668 670 671 672 673 674 675 676 677 678 679 680 681 682 683 684 686 687 688 689 690 691 692 694 696 698 700 701 702 706 707 708 709 712 714 715 716 717 718 720 723 724 725 726 727 729 730 731 732 733 734 735 737 738 739 740 741 742 743 744 745 746 747 748 749 750 751 752 753 754 755 756 757 758 759 760 762 763 764 765 766 767 768 769 770 772 773 774 775 776 777 778 779 780 781  [ReverseOrder]
6
First Images Series: 2486 2488 2489 2490 2491 2492 2493 2495 2496 2497 2498 
Second Images Series0: 2432 2434 2435 2436 2437 2438 2439 2440 2441 2442 2443 2444 2445 2446 2447 2448 2449 2450 2451 2452 2453 2454 2455 2456 2457 2458 2459 2460 2461 2463 2465  [ReverseOrder]
7
First Images Series: 2531 2532 2533 2534 2535 2536 2537 2538 2539 2540 2541 2542 2543 2545 2546 2547 2548 2549 2550 2551 2552 2553 2554 2555 2556 2557 2559 2560 2561 2563 2565 2567 2568 2569 2570 2571 2572 2573 2574 2575 
Second Images Series0: 2481 2482 2483 2484 2485 2486 2487 2488 2489 2490 2491 2492 2493 2494 2495 2496 2497 2498 2499 2500 2501 2502 2503 2504 2505 2506 2507 2508 2509 2510 2511 2512 2513 2514 2515 2516 2517 2518 2519 2520 2521 2522 2523 2524 2525 2526 2527 2528 2529 2530 2531 2532 2533 2534 2535 2536 2537 2538 2542 2543 2545 2546 2547 2548  [ReverseOrder]
8
First Images Series: 2644 2645 2647 2648 2649 2650 2651 2652 2653 2654 2655 2656 2657 2658 2659 2660 2661 2662 2663 2664 2665 2666 2667 2668 2669 2670 2671 2672 2673 2674 2675 2676 2677 2678 2679 2680 2681 2682 2683 2684 2685 2686 2687 2688 2689 2690 2691 2692 2693 2694 2695 2696 2697 2698 2699 2700 2701 2702 
Second Images Series0: 2551 2552 2554 2555 2556 2557 2558 2559 2560 2561 2562 2563 2564 2565 2566 2567 2568 2569 2570 2571 2572 2573 2574 2575 2576 2577 2578 2579 2580 2581 2582 2583 2584 2585 2586 2587 2588 2589 2590 2591 2592 2593 2594 2595 2596 2597 2598 2599 2600 2601 2602 2603 2604 2605 2606 2607 2608 2609 2610 2611 2612 2613 2614 2615 2616 2617 2618 2619 2620 2621 2622 2623 2624 2625 2626 2627 2628 2629 2630 2631 2632 2633 2634 2635 2636 2638  [ReverseOrder]
9
First Images Series: 3636 3637 3638 3639 3640 3641 3642 3643 3644 3645 3646 3647 3648 3649 3650 
Second Images Series0: 2986 2987 2988 2989 2990 2991 2992 2994 2996 2997 2998 2999 3000 3001 3002 3003 3004 3005 3006 3007 3008 3009 3010 3011  [Order]
